Frame 1
0    0    0    0    0    0    -0    -0    
0.999945    0.999945    0.999945    0.999945    0.999945    0.999945    0.999945    0.999945    
1    1    1    1    1    1    1    1    
0.999946    0.999946    0.999946    0.999946    0.999946    0.999946    0.999946    0.999946    
0    0    -0    -0    -0    -0    -0    -0    

Frame 2
0    0    0    0    0    0    -0    -0    
0.999779    0.999779    0.999779    0.999779    0.999779    0.999779    0.999779    0.999779    
1    1    1    1    1    1    1    1    
0.99978    0.99978    0.99978    0.99978    0.99978    0.99978    0.99978    0.99978    
0    0    -0    -0    -0    -0    -0    -0    

Frame 3
0    0    0    0    0    0    -0    -0    
0.999548    0.999548    0.999548    0.999548    0.999548    0.999548    0.999548    0.999548    
1    1    1    1    1    1    1    1    
0.99955    0.99955    0.99955    0.99955    0.99955    0.99955    0.99955    0.99955    
0    0    -0    -0    -0    -0    -0    -0    

Frame 4
0    0    0    0    0    0    -0    -0    
0.999235    0.999235    0.999235    0.999235    0.999235    0.999235    0.999235    0.999235    
1    1    1    1    1    1    1    1    
0.999238    0.999238    0.999238    0.999238    0.999238    0.999238    0.999238    0.999238    
0    0    -0    -0    -0    -0    -0    -0    

Frame 5
0    0    0    0    0    0    -0    -0    
0.998841    0.998841    0.998841    0.998841    0.998841    0.998841    0.998841    0.998841    
1    1    1    1    1    1    1    1    
0.998845    0.998845    0.998845    0.998845    0.998845    0.998845    0.998845    0.998845    
0    0    -0    -0    -0    -0    -0    -0    

Frame 6
0    0    0    0    0    0    -0    -0    
0.998279    0.998279    0.998279    0.998279    0.998279    0.998279    0.998279    0.998279    
1    1    1    1    1    1    1    1    
0.998284    0.998284    0.998284    0.998284    0.998284    0.998284    0.998284    0.998284    
0    0    -0    -0    -0    -0    -0    -0    

Frame 7
0    0    0    0    0    0    -0    -0    
0.997606    0.997606    0.997606    0.997606    0.997606    0.997606    0.997606    0.997606    
1    1    1    1    1    1    1    1    
0.997612    0.997612    0.997612    0.997612    0.997612    0.997612    0.997612    0.997612    
0    0    -0    -0    -0    -0    -0    -0    

Frame 8
0    0    0    0    0    0    -0    -0    
0.996824    0.996824    0.996824    0.996824    0.996824    0.996824    0.996824    0.996824    
1    1    1    1    1    1    1    1    
0.99683    0.99683    0.99683    0.99683    0.99683    0.99683    0.99683    0.99683    
0    0    -0    -0    -0    -0    -0    -0    

Frame 9
0    0    0    0    0    0    -0    -0    
0.995933    0.995933    0.995933    0.995933    0.995933    0.995933    0.995933    0.995933    
1    1    1    1    1    1    1    1    
0.99594    0.99594    0.99594    0.99594    0.99594    0.99594    0.99594    0.99594    
0    0    -0    -0    -0    -0    -0    -0    

Frame 10
0    0    0    0    0    0    -0    -0    
0.994932    0.994932    0.994932    0.994932    0.994932    0.994932    0.994932    0.994932    
1    1    1    1    1    1    1    1    
0.994941    0.994941    0.994941    0.994941    0.994941    0.994941    0.994941    0.994941    
0    0    -0    -0    -0    -0    -0    -0    

Frame 11
0    0    0    0    0    0    -0    -0    
0.993824    0.993824    0.993824    0.993824    0.993824    0.993824    0.993824    0.993824    
1    1    1    1    1    1    1    1    
0.993833    0.993833    0.993833    0.993833    0.993833    0.993833    0.993833    0.993833    
0    0    -0    -0    -0    -0    -0    -0    

Frame 12
0    0    0    0    0    0    -0    -0    
0.992609    0.992609    0.992609    0.992609    0.992609    0.992609    0.992609    0.992609    
1    1    1    1    1    1    1    1    
0.992619    0.992619    0.992619    0.992619    0.992619    0.992619    0.992619    0.992619    
0    0    -0    -0    -0    -0    -0    -0    

Frame 13
0    0    0    0    0    0    -0    -0    
0.991287    0.991287    0.991287    0.991287    0.991287    0.991287    0.991287    0.991287    
1    1    1    1    1    1    1    1    
0.991298    0.991298    0.991298    0.991298    0.991298    0.991298    0.991298    0.991298    
0    0    -0    -0    -0    -0    -0    -0    

Frame 14
0    0    0    0    0    0    -0    -0    
0.99007    0.99007    0.99007    0.99007    0.99007    0.99007    0.99007    0.99007    
1    1    1    1    1    1    1    1    
0.990081    0.990081    0.990081    0.990081    0.990081    0.990081    0.990081    0.990081    
0    0    -0    -0    -0    -0    -0    -0    

Frame 15
0    0    0    0    0    0    -0    -0    
0.988553    0.988553    0.988553    0.988553    0.988553    0.988553    0.988553    0.988553    
1    1    1    1    1    1    1    1    
0.988566    0.988566    0.988566    0.988566    0.988566    0.988566    0.988566    0.988566    
0    0    -0    -0    -0    -0    -0    -0    

Frame 16
0    0    0    0    0    0    -0    -0    
0.986933    0.986933    0.986933    0.986933    0.986933    0.986933    0.986933    0.986933    
1    1    1    1    1    1    1    1    
0.986946    0.986946    0.986946    0.986946    0.986946    0.986946    0.986946    0.986946    
0    0    -0    -0    -0    -0    -0    -0    

Frame 17
0    0    0    0    0    0    -0    -0    
0.98521    0.98521    0.98521    0.98521    0.98521    0.98521    0.98521    0.98521    
1    1    1    1    1    1    1    1    
0.985223    0.985223    0.985223    0.985223    0.985223    0.985223    0.985223    0.985223    
0    0    -0    -0    -0    -0    -0    -0    

Frame 18
0    0    0    0    0    0    -0    -0    
0.983385    0.983385    0.983385    0.983385    0.983385    0.983385    0.983385    0.983385    
1    1    1    1    1    1    1    1    
0.983399    0.983399    0.983399    0.983399    0.983399    0.983399    0.983399    0.983399    
0    0    -0    -0    -0    -0    -0    -0    

Frame 19
0    0    0    0    0    0    -0    -0    
0.981741    0.981741    0.981741    0.981741    0.981741    0.981741    0.981741    0.981741    
1    1    1    1    1    1    1    1    
0.981755    0.981755    0.981755    0.981755    0.981755    0.981755    0.981755    0.981755    
0    0    -0    -0    -0    -0    -0    -0    

Frame 20
0    0    0    0    0    0    -0    -0    
0.97973    0.97973    0.97973    0.97973    0.97973    0.97973    0.97973    0.97973    
1    1    1    1    1    1    1    1    
0.979745    0.979745    0.979745    0.979745    0.979745    0.979745    0.979745    0.979745    
0    0    -0    -0    -0    -0    -0    -0    

Frame 21
0    0    0    0    0    0    -0    -0    
0.977622    0.977622    0.977622    0.977622    0.977622    0.977622    0.977622    0.977622    
1    1    1    1    1    1    1    1    
0.977638    0.977638    0.977638    0.977638    0.977638    0.977638    0.977638    0.977638    
0    0    -0    -0    -0    -0    -0    -0    

Frame 22
0    0    0    0    0    0    -0    -0    
0.975738    0.975738    0.975738    0.975738    0.975738    0.975738    0.975738    0.975738    
1    1    1    1    1    1    1    1    
0.975754    0.975754    0.975754    0.975754    0.975754    0.975754    0.975754    0.975754    
0    0    -0    -0    -0    -0    -0    -0    

Frame 23
0    0    0    0    0    0    -0    -0    
0.973784    0.973784    0.973784    0.973784    0.973784    0.973784    0.973784    0.973784    
1    1    1    1    1    1    1    1    
0.9738    0.9738    0.9738    0.9738    0.9738    0.9738    0.9738    0.9738    
0    0    -0    -0    -0    -0    -0    -0    

Frame 24
0    0    0    0    0    0    -0    -0    
0.971417    0.971417    0.971417    0.971417    0.971417    0.971417    0.971417    0.971417    
1    1    1    1    1    1    1    1    
0.971434    0.971434    0.971434    0.971434    0.971434    0.971434    0.971434    0.971434    
0    0    -0    -0    -0    -0    -0    -0    

Frame 25
0    0    0    0    0    0    -0    -0    
0.969314    0.969314    0.969314    0.969314    0.969314    0.969314    0.969314    0.969314    
1    1    1    1    1    1    1    1    
0.969332    0.969332    0.969332    0.969332    0.969332    0.969332    0.969332    0.969332    
0    0    -0    -0    -0    -0    -0    -0    

Frame 26
0    0    0    0    0    0    -0    -0    
0.966776    0.966776    0.966776    0.966776    0.966776    0.966776    0.966776    0.966776    
1    1    1    1    1    1    1    1    
0.966794    0.966794    0.966794    0.966794    0.966794    0.966794    0.966794    0.966794    
0    0    -0    -0    -0    -0    -0    -0    

Frame 27
0    0    0    0    0    0    -0    -0    
0.964529    0.964529    0.964529    0.964529    0.964529    0.964529    0.964529    0.964529    
1    1    1    1    1    1    1    1    
0.964548    0.964548    0.964548    0.964548    0.964548    0.964548    0.964548    0.964548    
0    0    -0    -0    -0    -0    -0    -0    

Frame 28
0    0    0    0    0    0    -0    -0    
0.962217    0.962217    0.962217    0.962217    0.962217    0.962217    0.962217    0.962217    
1    1    1    1    1    1    1    1    
0.962236    0.962236    0.962236    0.962236    0.962236    0.962236    0.962236    0.962236    
0    0    -0    -0    -0    -0    -0    -0    

Frame 29
0    0    0    0    0    0    -0    -0    
0.959438    0.959438    0.959438    0.959438    0.959438    0.959438    0.959438    0.959438    
1    1    1    1    1    1    1    1    
0.959459    0.959459    0.959459    0.959459    0.959459    0.959459    0.959459    0.959459    
0    0    -0    -0    -0    -0    -0    -0    

Frame 30
0    0    0    0    0    0    -0    -0    
0.956989    0.956989    0.956989    0.956989    0.956989    0.956989    0.956989    0.956989    
1    1    1    1    1    1    1    1    
0.957011    0.957011    0.957011    0.957011    0.957011    0.957011    0.957011    0.957011    
0    0    -0    -0    -0    -0    -0    -0    

Frame 31
0    0    0    0    0    0    -0    -0    
0.954053    0.954053    0.954053    0.954053    0.954053    0.954053    0.954053    0.954053    
1    1    1    1    1    1    1    1    
0.954076    0.954076    0.954076    0.954076    0.954076    0.954076    0.954076    0.954076    
0    0    -0    -0    -0    -0    -0    -0    

Frame 32
0    0    0    0    0    0    -0    -0    
0.951471    0.951471    0.951471    0.951471    0.951471    0.951471    0.951471    0.951471    
1    1    1    1    1    1    1    1    
0.951495    0.951495    0.951495    0.951495    0.951495    0.951495    0.951495    0.951495    
0    0    -0    -0    -0    -0    -0    -0    

Frame 33
0    0    0    0    0    0    -0    -0    
0.94883    0.94883    0.94883    0.94883    0.94883    0.94883    0.94883    0.94883    
1    1    1    1    1    1    1    1    
0.948855    0.948855    0.948855    0.948855    0.948855    0.948855    0.948855    0.948855    
0    0    -0    -0    -0    -0    -0    -0    

Frame 34
0    0    0    0    0    0    -0    -0    
0.945675    0.945675    0.945675    0.945675    0.945675    0.945675    0.945675    0.945675    
1    1    1    1    1    1    1    1    
0.945701    0.945701    0.945701    0.945701    0.945701    0.945701    0.945701    0.945701    
0    0    -0    -0    -0    -0    -0    -0    

Frame 35
0    0    0    0    0    0    -0    -0    
0.942909    0.942909    0.942909    0.942909    0.942909    0.942909    0.942909    0.942909    
1    1    1    1    1    1    1    1    
0.942935    0.942935    0.942935    0.942935    0.942935    0.942935    0.942935    0.942935    
0    0    -0    -0    -0    -0    -0    -0    

Frame 36
0    0    0    0    0    0    -0    -0    
0.939612    0.939612    0.939612    0.939612    0.939612    0.939612    0.939612    0.939612    
1    1    1    1    1    1    1    1    
0.939639    0.939639    0.939639    0.939639    0.939639    0.939639    0.939639    0.939639    
0    0    -0    -0    -0    -0    -0    -0    

Frame 37
0    0    0    0    0    0    -0    -0    
0.936727    0.936727    0.936727    0.936727    0.936727    0.936727    0.936727    0.936727    
1    1    1    1    1    1    1    1    
0.936755    0.936755    0.936755    0.936755    0.936755    0.936755    0.936755    0.936755    
0    0    -0    -0    -0    -0    -0    -0    

Frame 38
0    0    0    0    0    0    -0    -0    
0.933789    0.933789    0.933789    0.933789    0.933789    0.933789    0.933789    0.933789    
1    1    1    1    1    1    1    1    
0.933817    0.933817    0.933817    0.933817    0.933817    0.933817    0.933817    0.933817    
0    0    -0    -0    -0    -0    -0    -0    

Frame 39
0    0    0    0    0    0    -0    -0    
0.930296    0.930296    0.930296    0.930296    0.930296    0.930296    0.930296    0.930296    
1    1    1    1    1    1    1    1    
0.930325    0.930325    0.930325    0.930325    0.930325    0.930325    0.930325    0.930325    
0    0    -0    -0    -0    -0    -0    -0    

Frame 40
0    0    0    0    0    0    -0    -0    
0.927247    0.927247    0.927247    0.927247    0.927247    0.927247    0.927247    0.927247    
1    1    1    1    1    1    1    1    
0.927276    0.927276    0.927276    0.927276    0.927276    0.927276    0.927276    0.927276    
0    0    -0    -0    -0    -0    -0    -0    

Frame 41
0    0    0    0    0    0    -0    -0    
0.924149    0.924149    0.924149    0.924149    0.924149    0.924149    0.924149    0.924149    
1    1    1    1    1    1    1    1    
0.924178    0.924178    0.924178    0.924178    0.924178    0.924178    0.924178    0.924178    
0    0    -0    -0    -0    -0    -0    -0    

Frame 42
0    0    0    0    0    0    -0    -0    
0.920473    0.920473    0.920473    0.920473    0.920473    0.920473    0.920473    0.920473    
1    1    1    1    1    1    1    1    
0.920503    0.920503    0.920503    0.920503    0.920503    0.920503    0.920503    0.920503    
0    0    -0    -0    -0    -0    -0    -0    

Frame 43
0    0    0    0    0    0    -0    -0    
0.917272    0.917272    0.917272    0.917272    0.917272    0.917272    0.917272    0.917272    
1    1    1    1    1    1    1    1    
0.917302    0.917302    0.917302    0.917302    0.917302    0.917302    0.917302    0.917302    
0    0    -0    -0    -0    -0    -0    -0    

Frame 44
0    0    0    0    0    0    -0    -0    
0.914025    0.914025    0.914025    0.914025    0.914025    0.914025    0.914025    0.914025    
1    1    1    1    1    1    1    1    
0.914056    0.914056    0.914056    0.914056    0.914056    0.914056    0.914056    0.914056    
0    0    -0    -0    -0    -0    -0    -0    

Frame 45
0    0    0    0    0    0    -0    -0    
0.910735    0.910735    0.910735    0.910735    0.910735    0.910735    0.910735    0.910735    
1    1    1    1    1    1    1    1    
0.910766    0.910766    0.910766    0.910766    0.910766    0.910766    0.910766    0.910766    
0    0    -0    -0    -0    -0    -0    -0    

Frame 46
0    0    0    0    0    0    -0    -0    
0.907401    0.907401    0.907401    0.907401    0.907401    0.907401    0.907401    0.907401    
1    1    1    1    1    1    1    1    
0.907432    0.907432    0.907432    0.907432    0.907432    0.907432    0.907432    0.907432    
0    0    -0    -0    -0    -0    -0    -0    

Frame 47
0    0    0    0    0    0    -0    -0    
0.903459    0.903459    0.903459    0.903459    0.903459    0.903459    0.903459    0.903459    
1    1    1    1    1    1    1    1    
0.903491    0.903491    0.903491    0.903491    0.903491    0.903491    0.903491    0.903491    
0    0    -0    -0    -0    -0    -0    -0    

Frame 48
0    0    0    0    0    0    -0    -0    
0.900036    0.900036    0.900036    0.900036    0.900036    0.900036    0.900036    0.900036    
1    1    1    1    1    1    1    1    
0.90007    0.90007    0.90007    0.90007    0.90007    0.90007    0.90007    0.90007    
0    0    -0    -0    -0    -0    -0    -0    

Frame 49
0    0    0    0    0    0    -0    -0    
0.896574    0.896574    0.896574    0.896574    0.896574    0.896574    0.896574    0.896574    
1    1    1    1    1    1    1    1    
0.896608    0.896608    0.896608    0.896608    0.896608    0.896608    0.896608    0.896608    
0    0    -0    -0    -0    -0    -0    -0    

Frame 50
0    0    0    0    0    0    -0    -0    
0.893074    0.893074    0.893074    0.893074    0.893074    0.893074    0.893074    0.893074    
1    1    1    1    1    1    1    1    
0.893109    0.893109    0.893109    0.893109    0.893109    0.893109    0.893109    0.893109    
0    0    -0    -0    -0    -0    -0    -0    

Frame 51
0    0    0    0    0    0    -0    -0    
0.889538    0.889538    0.889538    0.889538    0.889538    0.889538    0.889538    0.889538    
1    1    1    1    1    1    1    1    
0.889573    0.889573    0.889573    0.889573    0.889573    0.889573    0.889573    0.889573    
0    0    -0    -0    -0    -0    -0    -0    

Frame 52
0    0    0    0    0    0    -0    -0    
0.885367    0.885367    0.885367    0.885367    0.885367    0.885367    0.885367    0.885367    
1    1    1    1    1    1    1    1    
0.885403    0.885403    0.885403    0.885403    0.885403    0.885403    0.885403    0.885403    
0    0    -0    -0    -0    -0    -0    -0    

Frame 53
0    0    0    0    0    0    -0    -0    
0.881755    0.881755    0.881755    0.881755    0.881755    0.881755    0.881755    0.881755    
1    1    1    1    1    1    1    1    
0.881791    0.881791    0.881791    0.881791    0.881791    0.881791    0.881791    0.881791    
0    0    -0    -0    -0    -0    -0    -0    

Frame 54
0    0    0    0    0    0    -0    -0    
0.878111    0.878111    0.878111    0.878111    0.878111    0.878111    0.878111    0.878111    
1    1    1    1    1    1    1    1    
0.878147    0.878147    0.878147    0.878147    0.878147    0.878147    0.878147    0.878147    
0    0    -0    -0    -0    -0    -0    -0    

Frame 55
0    0    0    0    0    0    -0    -0    
0.874435    0.874435    0.874435    0.874435    0.874435    0.874435    0.874435    0.874435    
1    1    1    1    1    1    1    1    
0.874471    0.874471    0.874471    0.874471    0.874471    0.874471    0.874471    0.874471    
0    0    -0    -0    -0    -0    -0    -0    

Frame 56
0    0    0    0    0    0    -0    -0    
0.870729    0.870729    0.870729    0.870729    0.870729    0.870729    0.870729    0.870729    
1    1    1    1    1    1    1    1    
0.870765    0.870765    0.870765    0.870765    0.870765    0.870765    0.870765    0.870765    
0    0    -0    -0    -0    -0    -0    -0    

Frame 57
0    0    0    0    0    0    -0    -0    
0.866367    0.866367    0.866367    0.866367    0.866367    0.866367    0.866367    0.866367    
1    1    1    1    1    1    1    1    
0.866404    0.866404    0.866404    0.866404    0.866404    0.866404    0.866404    0.866404    
0    0    -0    -0    -0    -0    -0    -0    

Frame 58
0    0    0    0    0    0    -0    -0    
0.862599    0.862599    0.862599    0.862599    0.862599    0.862599    0.862599    0.862599    
1    1    1    1    1    1    1    1    
0.862636    0.862636    0.862636    0.862636    0.862636    0.862636    0.862636    0.862636    
0    0    -0    -0    -0    -0    -0    -0    

Frame 59
0    0    0    0    0    0    -0    -0    
0.858804    0.858804    0.858804    0.858804    0.858804    0.858804    0.858804    0.858804    
1    1    1    1    1    1    1    1    
0.858842    0.858842    0.858842    0.858842    0.858842    0.858842    0.858842    0.858842    
0    0    -0    -0    -0    -0    -0    -0    

Frame 60
0    0    0    0    0    0    -0    -0    
0.854984    0.854984    0.854984    0.854984    0.854984    0.854984    0.854984    0.854984    
1    1    1    1    1    1    1    1    
0.855021    0.855021    0.855021    0.855021    0.855021    0.855021    0.855021    0.855021    
0    0    -0    -0    -0    -0    -0    -0    

Frame 61
0    0    0    0    0    0    -0    -0    
0.851139    0.851139    0.851139    0.851139    0.851139    0.851139    0.851139    0.851139    
1    1    1    1    1    1    1    1    
0.851177    0.851177    0.851177    0.851177    0.851177    0.851177    0.851177    0.851177    
0    0    -0    -0    -0    -0    -0    -0    

Frame 62
0    0    0    0    0    0    -0    -0    
0.846624    0.846624    0.846624    0.846624    0.846624    0.846624    0.846624    0.846624    
1    1    1    1    1    1    1    1    
0.846662    0.846662    0.846662    0.846662    0.846662    0.846662    0.846662    0.846662    
0    0    -0    -0    -0    -0    -0    -0    

Frame 63
0    0    0    0    0    0    -0    -0    
0.842731    0.842731    0.842731    0.842731    0.842731    0.842731    0.842731    0.842731    
1    1    1    1    1    1    1    1    
0.842769    0.842769    0.842769    0.842769    0.842769    0.842769    0.842769    0.842769    
0    0    -0    -0    -0    -0    -0    -0    

Frame 64
0    0    0    0    0    0    -0    -0    
0.838817    0.838817    0.838817    0.838817    0.838817    0.838817    0.838817    0.838817    
1    1    1    1    1    1    1    1    
0.838855    0.838855    0.838855    0.838855    0.838855    0.838855    0.838855    0.838855    
0    0    -0    -0    -0    -0    -0    -0    

Frame 65
0    0    0    0    0    0    -0    -0    
0.834883    0.834883    0.834883    0.834883    0.834883    0.834883    0.834883    0.834883    
1    1    1    1    1    1    1    1    
0.834921    0.834921    0.834921    0.834921    0.834921    0.834921    0.834921    0.834921    
0    0    -0    -0    -0    -0    -0    -0    

Frame 66
0    0    0    0    0    0    -0    -0    
0.83093    0.83093    0.83093    0.83093    0.83093    0.83093    0.83093    0.83093    
1    1    1    1    1    1    1    1    
0.830969    0.830969    0.830969    0.830969    0.830969    0.830969    0.830969    0.830969    
0    0    -0    -0    -0    -0    -0    -0    

Frame 67
0    0    0    0    0    0    -0    -0    
0.826297    0.826297    0.826297    0.826297    0.826297    0.826297    0.826297    0.826297    
1    1    1    1    1    1    1    1    
0.826336    0.826336    0.826336    0.826336    0.826336    0.826336    0.826336    0.826336    
0    0    -0    -0    -0    -0    -0    -0    

Frame 68
0    0    0    0    0    0    -0    -0    
0.822308    0.822308    0.822308    0.822308    0.822308    0.822308    0.822308    0.822308    
1    1    1    1    1    1    1    1    
0.822347    0.822347    0.822347    0.822347    0.822347    0.822347    0.822347    0.822347    
0    0    -0    -0    -0    -0    -0    -0    

Frame 69
0    0    0    0    0    0    -0    -0    
0.818304    0.818304    0.818304    0.818304    0.818304    0.818304    0.818304    0.818304    
1    1    1    1    1    1    1    1    
0.818343    0.818343    0.818343    0.818343    0.818343    0.818343    0.818343    0.818343    
0    0    -0    -0    -0    -0    -0    -0    

Frame 70
0    0    0    0    0    0    -0    -0    
0.814285    0.814285    0.814285    0.814285    0.814285    0.814285    0.814285    0.814285    
1    1    1    1    1    1    1    1    
0.814325    0.814325    0.814325    0.814325    0.814325    0.814325    0.814325    0.814325    
0    0    -0    -0    -0    -0    -0    -0    

Frame 71
0    0    0    0    0    0    -0    -0    
0.810254    0.810254    0.810254    0.810254    0.810254    0.810254    0.810254    0.810254    
1    1    1    1    1    1    1    1    
0.810294    0.810294    0.810294    0.810294    0.810294    0.810294    0.810294    0.810294    
0    0    -0    -0    -0    -0    -0    -0    

Frame 72
0    0    0    0    0    0    -0    -0    
0.805535    0.805535    0.805535    0.805535    0.805535    0.805535    0.805535    0.805535    
1    1    1    1    1    1    1    1    
0.805575    0.805575    0.805575    0.805575    0.805575    0.805575    0.805575    0.805575    
0    0    -0    -0    -0    -0    -0    -0    

Frame 73
0    0    0    0    0    0    -0    -0    
0.801479    0.801479    0.801479    0.801479    0.801479    0.801479    0.801479    0.801479    
1    1    1    1    1    1    1    1    
0.801518    0.801518    0.801518    0.801518    0.801518    0.801518    0.801518    0.801518    
0    0    -0    -0    -0    -0    -0    -0    

Frame 74
0    0    0    0    0    0    -0    -0    
0.797412    0.797412    0.797412    0.797412    0.797412    0.797412    0.797412    0.797412    
1    1    1    1    1    1    1    1    
0.797452    0.797452    0.797452    0.797452    0.797452    0.797452    0.797452    0.797452    
0    0    -0    -0    -0    -0    -0    -0    

Frame 75
0    0    0    0    0    0    -0    -0    
0.793337    0.793337    0.793337    0.793337    0.793337    0.793337    0.793337    0.793337    
1    1    1    1    1    1    1    1    
0.793376    0.793376    0.793376    0.793376    0.793376    0.793376    0.793376    0.793376    
0    0    -0    -0    -0    -0    -0    -0    

Frame 76
0    0    0    0    0    0    -0    -0    
0.789253    0.789253    0.789253    0.789253    0.789253    0.789253    0.789253    0.789253    
1    1    1    1    1    1    1    1    
0.789293    0.789293    0.789293    0.789293    0.789293    0.789293    0.789293    0.789293    
0    0    -0    -0    -0    -0    -0    -0    

Frame 77
0    0    0    0    0    0    -0    -0    
0.78448    0.78448    0.78448    0.78448    0.78448    0.78448    0.78448    0.78448    
1    1    1    1    1    1    1    1    
0.784519    0.784519    0.784519    0.784519    0.784519    0.784519    0.784519    0.784519    
0    0    -0    -0    -0    -0    -0    -0    

Frame 78
0    0    0    0    0    0    -0    -0    
0.780381    0.780381    0.780381    0.780381    0.780381    0.780381    0.780381    0.780381    
1    1    1    1    1    1    1    1    
0.780421    0.780421    0.780421    0.780421    0.780421    0.780421    0.780421    0.780421    
0    0    -0    -0    -0    -0    -0    -0    

Frame 79
0    0    0    0    0    0    -0    -0    
0.776278    0.776278    0.776278    0.776278    0.776278    0.776278    0.776278    0.776278    
1    1    1    1    1    1    1    1    
0.776317    0.776317    0.776317    0.776317    0.776317    0.776317    0.776317    0.776317    
0    0    -0    -0    -0    -0    -0    -0    

Frame 80
0    0    0    0    0    0    -0    -0    
0.77217    0.77217    0.77217    0.77217    0.77217    0.77217    0.77217    0.77217    
1    1    1    1    1    1    1    1    
0.77221    0.77221    0.77221    0.77221    0.77221    0.77221    0.77221    0.77221    
0    0    -0    -0    -0    -0    -0    -0    

Frame 81
0    0    0    0    0    0    -0    -0    
0.768059    0.768059    0.768059    0.768059    0.768059    0.768059    0.768059    0.768059    
1    1    1    1    1    1    1    1    
0.768098    0.768098    0.768098    0.768098    0.768098    0.768098    0.768098    0.768098    
0    0    -0    -0    -0    -0    -0    -0    

Frame 82
0    0    0    0    0    0    -0    -0    
0.763945    0.763945    0.763945    0.763945    0.763945    0.763945    0.763945    0.763945    
1    1    1    1    1    1    1    1    
0.763984    0.763984    0.763984    0.763984    0.763984    0.763984    0.763984    0.763984    
0    0    -0    -0    -0    -0    -0    -0    

Frame 83
0    0    0    0    0    0    -0    -0    
0.759829    0.759829    0.759829    0.759829    0.759829    0.759829    0.759829    0.759829    
1    1    1    1    1    1    1    1    
0.759868    0.759868    0.759868    0.759868    0.759868    0.759868    0.759868    0.759868    
0    0    -0    -0    -0    -0    -0    -0    

Frame 84
0    0    0    0    0    0    -0    -0    
0.755712    0.755712    0.755712    0.755712    0.755712    0.755712    0.755712    0.755712    
1    1    1    1    1    1    1    1    
0.755751    0.755751    0.755751    0.755751    0.755751    0.755751    0.755751    0.755751    
0    0    -0    -0    -0    -0    -0    -0    

Frame 85
0    0    0    0    0    0    -0    -0    
0.751594    0.751594    0.751594    0.751594    0.751594    0.751594    0.751594    0.751594    
1    1    1    1    1    1    1    1    
0.751634    0.751634    0.751634    0.751634    0.751634    0.751634    0.751634    0.751634    
0    0    -0    -0    -0    -0    -0    -0    

Frame 86
0    0    0    0    0    0    -0    -0    
0.747477    0.747477    0.747477    0.747477    0.747477    0.747477    0.747477    0.747477    
1    1    1    1    1    1    1    1    
0.747517    0.747517    0.747517    0.747517    0.747517    0.747517    0.747517    0.747517    
0    0    -0    -0    -0    -0    -0    -0    

Frame 87
0    0    0    0    0    0    -0    -0    
0.743361    0.743361    0.743361    0.743361    0.743361    0.743361    0.743361    0.743361    
1    1    1    1    1    1    1    1    
0.743401    0.743401    0.743401    0.743401    0.743401    0.743401    0.743401    0.743401    
0    0    -0    -0    -0    -0    -0    -0    

Frame 88
0    0    0    0    0    0    -0    -0    
0.739248    0.739248    0.739248    0.739248    0.739248    0.739248    0.739248    0.739248    
1    1    1    1    1    1    1    1    
0.739287    0.739287    0.739287    0.739287    0.739287    0.739287    0.739287    0.739287    
0    0    -0    -0    -0    -0    -0    -0    

Frame 89
0    0    0    0    0    0    -0    -0    
0.735136    0.735136    0.735136    0.735136    0.735136    0.735136    0.735136    0.735136    
1    1    1    1    1    1    1    1    
0.735176    0.735176    0.735176    0.735176    0.735176    0.735176    0.735176    0.735176    
0    0    -0    -0    -0    -0    -0    -0    

Frame 90
0    0    0    0    0    0    -0    -0    
0.731028    0.731028    0.731028    0.731028    0.731028    0.731028    0.731028    0.731028    
1    1    1    1    1    1    1    1    
0.731068    0.731068    0.731068    0.731068    0.731068    0.731068    0.731068    0.731068    
0    0    -0    -0    -0    -0    -0    -0    

Frame 91
0    0    0    0    0    0    -0    -0    
0.726925    0.726925    0.726925    0.726925    0.726925    0.726925    0.726925    0.726925    
1    1    1    1    1    1    1    1    
0.726965    0.726965    0.726965    0.726965    0.726965    0.726965    0.726965    0.726965    
0    0    -0    -0    -0    -0    -0    -0    

Frame 92
0    0    0    0    0    0    -0    -0    
0.722825    0.722825    0.722825    0.722825    0.722825    0.722825    0.722825    0.722825    
1    1    1    1    1    1    1    1    
0.722865    0.722865    0.722865    0.722865    0.722865    0.722865    0.722865    0.722865    
0    0    -0    -0    -0    -0    -0    -0    

Frame 93
0    0    0    0    0    0    -0    -0    
0.718732    0.718732    0.718732    0.718732    0.718732    0.718732    0.718732    0.718732    
1    1    1    1    1    1    1    1    
0.718772    0.718772    0.718772    0.718772    0.718772    0.718772    0.718772    0.718772    
0    0    -0    -0    -0    -0    -0    -0    

Frame 94
0    0    0    0    0    0    -0    -0    
0.714644    0.714644    0.714644    0.714644    0.714644    0.714644    0.714644    0.714644    
1    1    1    1    1    1    1    1    
0.714684    0.714684    0.714684    0.714684    0.714684    0.714684    0.714684    0.714684    
0    0    -0    -0    -0    -0    -0    -0    

Frame 95
0    0    0    0    0    0    -0    -0    
0.710562    0.710562    0.710562    0.710562    0.710562    0.710562    0.710562    0.710562    
1    1    1    1    1    1    1    1    
0.710602    0.710602    0.710602    0.710602    0.710602    0.710602    0.710602    0.710602    
0    0    -0    -0    -0    -0    -0    -0    

Frame 96
0    0    0    0    0    0    -0    -0    
0.706488    0.706488    0.706488    0.706488    0.706488    0.706488    0.706488    0.706488    
1    1    1    1    1    1    1    1    
0.706528    0.706528    0.706528    0.706528    0.706528    0.706528    0.706528    0.706528    
0    0    -0    -0    -0    -0    -0    -0    

Frame 97
0    0    0    0    0    0    -0    -0    
0.702422    0.702422    0.702422    0.702422    0.702422    0.702422    0.702422    0.702422    
1    1    1    1    1    1    1    1    
0.702462    0.702462    0.702462    0.702462    0.702462    0.702462    0.702462    0.702462    
0    0    -0    -0    -0    -0    -0    -0    

Frame 98
0    0    0    0    0    0    -0    -0    
0.698364    0.698364    0.698364    0.698364    0.698364    0.698364    0.698364    0.698364    
1    1    1    1    1    1    1    1    
0.698403    0.698403    0.698403    0.698403    0.698403    0.698403    0.698403    0.698403    
0    0    -0    -0    -0    -0    -0    -0    

Frame 99
0    0    0    0    0    0    -0    -0    
0.694315    0.694315    0.694315    0.694315    0.694315    0.694315    0.694315    0.694315    
1    1    1    1    1    1    1    1    
0.694354    0.694354    0.694354    0.694354    0.694354    0.694354    0.694354    0.694354    
0    0    -0    -0    -0    -0    -0    -0    

Frame 100
0    0    0    0    0    0    -0    -0    
0.690275    0.690275    0.690275    0.690275    0.690275    0.690275    0.690275    0.690275    
1    1    1    1    1    1    1    1    
0.690314    0.690314    0.690314    0.690314    0.690314    0.690314    0.690314    0.690314    
0    0    -0    -0    -0    -0    -0    -0    

