Frame 1
0    0    0    0    0    0    0    0    
0.235738    0.235738    0.235738    0.235738    0.235738    0.235738    0.235738    0.235738    
-1.04907e-08    -1.04907e-08    -1.04907e-08    -1.04907e-08    -1.04907e-08    -1.04907e-08    -1.04907e-08    -1.04907e-08    
-0.235739    -0.235739    -0.235739    -0.235739    -0.235739    -0.235739    -0.235739    -0.235739    
1.16081e-08    1.16081e-08    1.16081e-08    1.16081e-08    1.16081e-08    1.16081e-08    1.16081e-08    1.16081e-08    

Frame 2
0    0    0    0    0    0    0    0    
0.448559    0.448559    0.448559    0.448559    0.448559    0.448559    0.448559    0.448559    
-2.09815e-08    -2.09815e-08    -2.09815e-08    -2.09815e-08    -2.09815e-08    -2.09815e-08    -2.09815e-08    -2.09815e-08    
-0.44856    -0.44856    -0.44856    -0.44856    -0.44856    -0.44856    -0.44856    -0.44856    
4.14269e-08    4.14269e-08    4.14269e-08    4.14269e-08    4.14269e-08    4.14269e-08    4.14269e-08    4.14269e-08    

Frame 3
0    0    0    0    0    0    0    0    
0.622645    0.622645    0.622645    0.622645    0.622645    0.622645    0.622645    0.622645    
-3.14722e-08    -3.14722e-08    -3.14722e-08    -3.14722e-08    -3.14722e-08    -3.14722e-08    -3.14722e-08    -3.14722e-08    
-0.622647    -0.622647    -0.622647    -0.622647    -0.622647    -0.622647    -0.622647    -0.622647    
7.76818e-08    7.76818e-08    7.76818e-08    7.76818e-08    7.76818e-08    7.76818e-08    7.76818e-08    7.76818e-08    

Frame 4
0    0    0    0    0    0    0    0    
0.751749    0.751749    0.751749    0.751749    0.751749    0.751749    0.751749    0.751749    
-4.19629e-08    -4.19629e-08    -4.19629e-08    -4.19629e-08    -4.19629e-08    -4.19629e-08    -4.19629e-08    -4.19629e-08    
-0.751752    -0.751752    -0.751752    -0.751752    -0.751752    -0.751752    -0.751752    -0.751752    
1.12928e-07    1.12928e-07    1.12928e-07    1.12928e-07    1.12928e-07    1.12928e-07    1.12928e-07    1.12928e-07    

Frame 5
0    0    0    0    0    0    0    0    
0.848447    0.848447    0.848447    0.848447    0.848447    0.848447    0.848447    0.848447    
-5.42021e-08    -5.42021e-08    -5.42021e-08    -5.42021e-08    -5.42021e-08    -5.42021e-08    -5.42021e-08    -5.42021e-08    
-0.848451    -0.848451    -0.848451    -0.848451    -0.848451    -0.848451    -0.848451    -0.848451    
1.47337e-07    1.47337e-07    1.47337e-07    1.47337e-07    1.47337e-07    1.47337e-07    1.47337e-07    1.47337e-07    

Frame 6
0    0    0    0    0    0    0    0    
0.897678    0.897678    0.897678    0.897678    0.897678    0.897678    0.897678    0.897678    
-6.64413e-08    -6.64413e-08    -6.64413e-08    -6.64413e-08    -6.64413e-08    -6.64413e-08    -6.64413e-08    -6.64413e-08    
-0.897682    -0.897682    -0.897682    -0.897682    -0.897682    -0.897682    -0.897682    -0.897682    
1.72206e-07    1.72206e-07    1.72206e-07    1.72206e-07    1.72206e-07    1.72206e-07    1.72206e-07    1.72206e-07    

Frame 7
0    0    0    0    0    0    0    0    
0.912522    0.912522    0.912522    0.912522    0.912522    0.912522    0.912522    0.912522    
-7.86805e-08    -7.86805e-08    -7.86805e-08    -7.86805e-08    -7.86805e-08    -7.86805e-08    -7.86805e-08    -7.86805e-08    
-0.912527    -0.912527    -0.912527    -0.912527    -0.912527    -0.912527    -0.912527    -0.912527    
1.87742e-07    1.87742e-07    1.87742e-07    1.87742e-07    1.87742e-07    1.87742e-07    1.87742e-07    1.87742e-07    

Frame 8
0    0    0    0    0    0    0    0    
0.904504    0.904504    0.904504    0.904504    0.904504    0.904504    0.904504    0.904504    
-9.09196e-08    -9.09196e-08    -9.09196e-08    -9.09196e-08    -9.09196e-08    -9.09196e-08    -9.09196e-08    -9.09196e-08    
-0.90451    -0.90451    -0.90451    -0.90451    -0.90451    -0.90451    -0.90451    -0.90451    
1.95501e-07    1.95501e-07    1.95501e-07    1.95501e-07    1.95501e-07    1.95501e-07    1.95501e-07    1.95501e-07    

Frame 9
0    0    0    0    0    0    0    0    
0.882376    0.882376    0.882376    0.882376    0.882376    0.882376    0.882376    0.882376    
-1.03159e-07    -1.03159e-07    -1.03159e-07    -1.03159e-07    -1.03159e-07    -1.03159e-07    -1.03159e-07    -1.03159e-07    
-0.882382    -0.882382    -0.882382    -0.882382    -0.882382    -0.882382    -0.882382    -0.882382    
1.97408e-07    1.97408e-07    1.97408e-07    1.97408e-07    1.97408e-07    1.97408e-07    1.97408e-07    1.97408e-07    

Frame 10
0    0    0    0    0    0    0    0    
0.852241    0.852241    0.852241    0.852241    0.852241    0.852241    0.852241    0.852241    
-1.15398e-07    -1.15398e-07    -1.15398e-07    -1.15398e-07    -1.15398e-07    -1.15398e-07    -1.15398e-07    -1.15398e-07    
-0.852247    -0.852247    -0.852247    -0.852247    -0.852247    -0.852247    -0.852247    -0.852247    
1.95247e-07    1.95247e-07    1.95247e-07    1.95247e-07    1.95247e-07    1.95247e-07    1.95247e-07    1.95247e-07    

Frame 11
0    0    0    0    0    0    0    0    
0.81813    0.81813    0.81813    0.81813    0.81813    0.81813    0.81813    0.81813    
-1.27637e-07    -1.27637e-07    -1.27637e-07    -1.27637e-07    -1.27637e-07    -1.27637e-07    -1.27637e-07    -1.27637e-07    
-0.818136    -0.818136    -0.818136    -0.818136    -0.818136    -0.818136    -0.818136    -0.818136    
1.90457e-07    1.90457e-07    1.90457e-07    1.90457e-07    1.90457e-07    1.90457e-07    1.90457e-07    1.90457e-07    

Frame 12
0    0    0    0    0    0    0    0    
0.782599    0.782599    0.782599    0.782599    0.782599    0.782599    0.782599    0.782599    
-1.39876e-07    -1.39876e-07    -1.39876e-07    -1.39876e-07    -1.39876e-07    -1.39876e-07    -1.39876e-07    -1.39876e-07    
-0.782605    -0.782605    -0.782605    -0.782605    -0.782605    -0.782605    -0.782605    -0.782605    
1.84104e-07    1.84104e-07    1.84104e-07    1.84104e-07    1.84104e-07    1.84104e-07    1.84104e-07    1.84104e-07    

Frame 13
0    0    0    0    0    0    0    0    
0.747213    0.747213    0.747213    0.747213    0.747213    0.747213    0.747213    0.747213    
-1.52116e-07    -1.52116e-07    -1.52116e-07    -1.52116e-07    -1.52116e-07    -1.52116e-07    -1.52116e-07    -1.52116e-07    
-0.747218    -0.747218    -0.747218    -0.747218    -0.747218    -0.747218    -0.747218    -0.747218    
1.76935e-07    1.76935e-07    1.76935e-07    1.76935e-07    1.76935e-07    1.76935e-07    1.76935e-07    1.76935e-07    

Frame 14
0    0    0    0    0    0    0    0    
0.712886    0.712886    0.712886    0.712886    0.712886    0.712886    0.712886    0.712886    
-1.64355e-07    -1.64355e-07    -1.64355e-07    -1.64355e-07    -1.64355e-07    -1.64355e-07    -1.64355e-07    -1.64355e-07    
-0.712891    -0.712891    -0.712891    -0.712891    -0.712891    -0.712891    -0.712891    -0.712891    
1.6945e-07    1.6945e-07    1.6945e-07    1.6945e-07    1.6945e-07    1.6945e-07    1.6945e-07    1.6945e-07    

Frame 15
0    0    0    0    0    0    0    0    
0.68012    0.68012    0.68012    0.68012    0.68012    0.68012    0.68012    0.68012    
-1.76594e-07    -1.76594e-07    -1.76594e-07    -1.76594e-07    -1.76594e-07    -1.76594e-07    -1.76594e-07    -1.76594e-07    
-0.680125    -0.680125    -0.680125    -0.680125    -0.680125    -0.680125    -0.680125    -0.680125    
1.61968e-07    1.61968e-07    1.61968e-07    1.61968e-07    1.61968e-07    1.61968e-07    1.61968e-07    1.61968e-07    

Frame 16
0    0    0    0    0    0    0    0    
0.649159    0.649159    0.649159    0.649159    0.649159    0.649159    0.649159    0.649159    
-1.88833e-07    -1.88833e-07    -1.88833e-07    -1.88833e-07    -1.88833e-07    -1.88833e-07    -1.88833e-07    -1.88833e-07    
-0.649164    -0.649164    -0.649164    -0.649164    -0.649164    -0.649164    -0.649164    -0.649164    
1.54685e-07    1.54685e-07    1.54685e-07    1.54685e-07    1.54685e-07    1.54685e-07    1.54685e-07    1.54685e-07    

Frame 17
0    0    0    0    0    0    0    0    
0.624123    0.624123    0.624123    0.624123    0.624123    0.624123    0.624123    0.624123    
-1.99324e-07    -1.99324e-07    -1.99324e-07    -1.99324e-07    -1.99324e-07    -1.99324e-07    -1.99324e-07    -1.99324e-07    
-0.624128    -0.624128    -0.624128    -0.624128    -0.624128    -0.624128    -0.624128    -0.624128    
1.48687e-07    1.48687e-07    1.48687e-07    1.48687e-07    1.48687e-07    1.48687e-07    1.48687e-07    1.48687e-07    

Frame 18
0    0    0    0    0    0    0    0    
0.600471    0.600471    0.600471    0.600471    0.600471    0.600471    0.600471    0.600471    
-2.09815e-07    -2.09815e-07    -2.09815e-07    -2.09815e-07    -2.09815e-07    -2.09815e-07    -2.09815e-07    -2.09815e-07    
-0.600476    -0.600476    -0.600476    -0.600476    -0.600476    -0.600476    -0.600476    -0.600476    
1.42955e-07    1.42955e-07    1.42955e-07    1.42955e-07    1.42955e-07    1.42955e-07    1.42955e-07    1.42955e-07    

Frame 19
0    0    0    0    0    0    0    0    
0.578165    0.578165    0.578165    0.578165    0.578165    0.578165    0.578165    0.578165    
-2.20306e-07    -2.20306e-07    -2.20306e-07    -2.20306e-07    -2.20306e-07    -2.20306e-07    -2.20306e-07    -2.20306e-07    
-0.57817    -0.57817    -0.57817    -0.57817    -0.57817    -0.57817    -0.57817    -0.57817    
1.37508e-07    1.37508e-07    1.37508e-07    1.37508e-07    1.37508e-07    1.37508e-07    1.37508e-07    1.37508e-07    

Frame 20
0    0    0    0    0    0    0    0    
0.55715    0.55715    0.55715    0.55715    0.55715    0.55715    0.55715    0.55715    
-2.30796e-07    -2.30796e-07    -2.30796e-07    -2.30796e-07    -2.30796e-07    -2.30796e-07    -2.30796e-07    -2.30796e-07    
-0.557155    -0.557155    -0.557155    -0.557155    -0.557155    -0.557155    -0.557155    -0.557155    
1.3235e-07    1.3235e-07    1.3235e-07    1.3235e-07    1.3235e-07    1.3235e-07    1.3235e-07    1.3235e-07    

Frame 21
0    0    0    0    0    0    0    0    
0.537358    0.537358    0.537358    0.537358    0.537358    0.537358    0.537358    0.537358    
-2.41287e-07    -2.41287e-07    -2.41287e-07    -2.41287e-07    -2.41287e-07    -2.41287e-07    -2.41287e-07    -2.41287e-07    
-0.537363    -0.537363    -0.537363    -0.537363    -0.537363    -0.537363    -0.537363    -0.537363    
1.27477e-07    1.27477e-07    1.27477e-07    1.27477e-07    1.27477e-07    1.27477e-07    1.27477e-07    1.27477e-07    

Frame 22
0    0    0    0    0    0    0    0    
0.518718    0.518718    0.518718    0.518718    0.518718    0.518718    0.518718    0.518718    
-2.51778e-07    -2.51778e-07    -2.51778e-07    -2.51778e-07    -2.51778e-07    -2.51778e-07    -2.51778e-07    -2.51778e-07    
-0.518723    -0.518723    -0.518723    -0.518723    -0.518723    -0.518723    -0.518723    -0.518723    
1.2288e-07    1.2288e-07    1.2288e-07    1.2288e-07    1.2288e-07    1.2288e-07    1.2288e-07    1.2288e-07    

Frame 23
0    0    0    0    0    0    0    0    
0.501158    0.501158    0.501158    0.501158    0.501158    0.501158    0.501158    0.501158    
-2.62268e-07    -2.62268e-07    -2.62268e-07    -2.62268e-07    -2.62268e-07    -2.62268e-07    -2.62268e-07    -2.62268e-07    
-0.501162    -0.501162    -0.501162    -0.501162    -0.501162    -0.501162    -0.501162    -0.501162    
1.18546e-07    1.18546e-07    1.18546e-07    1.18546e-07    1.18546e-07    1.18546e-07    1.18546e-07    1.18546e-07    

Frame 24
0    0    0    0    0    0    0    0    
0.484606    0.484606    0.484606    0.484606    0.484606    0.484606    0.484606    0.484606    
-2.72759e-07    -2.72759e-07    -2.72759e-07    -2.72759e-07    -2.72759e-07    -2.72759e-07    -2.72759e-07    -2.72759e-07    
-0.48461    -0.48461    -0.48461    -0.48461    -0.48461    -0.48461    -0.48461    -0.48461    
1.1446e-07    1.1446e-07    1.1446e-07    1.1446e-07    1.1446e-07    1.1446e-07    1.1446e-07    1.1446e-07    

